,0,1,2
0,0.3377744736729626,0.3296742318668904,0.33255129446014714
1,0.32936235006905173,0.32343189818331947,0.34720575174762874
2,0.33373542921012833,0.3374850946467789,0.3287794761430928
3,0.3300340034009154,0.3288447436734457,0.34112125292563883
4,0.3272987809633303,0.3338213737642911,0.33887984527237847
5,0.3366243644486975,0.331848580498847,0.3315270550524555
6,0.33403838162382354,0.3310691106072553,0.3348925077689212
7,0.3199365736045879,0.3481284318278963,0.3319349945675159
8,0.3371810661084381,0.3295236946801763,0.3332952392113856
9,0.3318336982382232,0.32639804410340345,0.3417682576583735
10,0.32351835372247684,0.3377158087533616,0.33876583752416156
11,0.32777876776213166,0.3323764788261041,0.3398447534117642
12,0.32418190093515764,0.3359805521601224,0.3398375469047199
13,0.3420698885004029,0.32135740178057204,0.3365727097190251
14,0.3274174089881972,0.3306232629196444,0.34195932809215834
15,0.3388539670446586,0.3265712357895833,0.33457479716575805
16,0.3324564568870935,0.32951492949790046,0.3380286136150061
17,0.3292246990417251,0.3362983299515095,0.3344769710067655
18,0.3297774698754655,0.3325461099139398,0.3376764202105947
19,0.3386699324846355,0.3314028795924137,0.3299271879229508
20,0.34055666158574005,0.32654140581330715,0.33290193260095285
21,0.3298124403469794,0.3359123236688259,0.3342752359841947
22,0.3365723908882887,0.3320555090181305,0.33137210009358076
23,0.3292875173681413,0.3350536434294592,0.3356588392023996
24,0.3344862875344088,0.331526542827371,0.3339871696382202
25,0.3368660276833846,0.3281089742096076,0.33502499810700775
26,0.3208909726369093,0.3293536710749004,0.3497553562881903
27,0.3299875372096083,0.33117805966007857,0.33883440313031316
28,0.3217350113071796,0.32783706525621903,0.3504279234366013
29,0.32154238253083106,0.32870461660546124,0.3497530008637077
30,0.3254626362137578,0.33644374351222817,0.3380936202740141
31,0.32614450717456145,0.33270866628688806,0.34114682653855044
32,0.3272566082961878,0.334314479585365,0.33842891211844717
33,0.32763195514630183,0.3333213584554874,0.3390466863982108
34,0.3403528042080103,0.3353012469370408,0.324345948854949
35,0.3218462363777326,0.3351074209399366,0.3430463426823308
36,0.3263924257729956,0.33729356911401126,0.33631400511299325
37,0.3255831706358538,0.3400022320204814,0.3344145973436648
38,0.326631422088691,0.3342196587086555,0.3391489192026535
39,0.3269604358786882,0.3340983374110286,0.33894122671028304
40,0.3277606969995237,0.3313090978361076,0.3409302051643686
41,0.32249021601784184,0.33877848996022786,0.33873129402193025
42,0.3245177640540705,0.3355217256317441,0.3399605103141855
43,0.3339050445072305,0.32757252737065173,0.3385224281221177
44,0.33698213475304284,0.32127389977201454,0.3417439654749426
45,0.3339544635202277,0.32562653402208525,0.3404190024576871
46,0.33318515273238614,0.32532669333558956,0.34148815393202425
47,0.33656512864333155,0.3255518224009559,0.33788304895571253
48,0.33826632223833236,0.3275721566936779,0.3341615210679898
49,0.33993043658095506,0.32232768372753745,0.33774187969150743
50,0.3331363708911907,0.3262779003361181,0.3405857287726911
51,0.33645897222935583,0.31919812965720135,0.3443428981134428
52,0.32913978717356923,0.3285164035262695,0.3423438093001612
53,0.33054646634099416,0.3265117964896414,0.34294173716936455
54,0.33237161238685814,0.32406959802496843,0.3435587895881735
55,0.3374340091194553,0.32291846111480643,0.3396475297657382
56,0.3454160514708,0.3281193664880238,0.3264645820411762
57,0.3419814862032739,0.32622352253714987,0.33179499125957623
58,0.334119802425505,0.32441956922093923,0.34146062835355584
59,0.33316939737360407,0.3283312930861517,0.33849930954024415
60,0.3331624259882571,0.33426198403498764,0.3325755899767552
61,0.326093935234826,0.33624988772374953,0.3376561770414245
62,0.32494536637760457,0.33275716171698455,0.3422974719054107
63,0.3282481899294805,0.33371286701395103,0.33803894305656856
64,0.32780601773105933,0.33366379682284725,0.3385301854460934
65,0.33187604189291975,0.3384808686844886,0.3296430894225915
66,0.33418332256376587,0.3329423262559077,0.3328743511803264
67,0.3395554718837378,0.3281254973769328,0.3323190307393294
68,0.341851481683092,0.3310460461950726,0.32710247212183546
69,0.3435959588907989,0.32846065717773604,0.32794338393146505
70,0.3308514413451861,0.32707329419330566,0.34207526446150827
71,0.3521908522501249,0.31994731636144735,0.3278618313884277
72,0.3508945819762766,0.3242805648118574,0.32482485321186594
73,0.3400736488707577,0.33535627966693715,0.32457007146230515
74,0.33743790042225796,0.3374567107438427,0.3251053888338994
75,0.33829170695056093,0.3393265211701747,0.32238177187926437
76,0.3409977270395083,0.3323350589442743,0.32666721401621734
77,0.3361507465730344,0.33957863021385026,0.3242706232131153
78,0.34245871555700685,0.33631751717099756,0.32122376727199575
79,0.33743315793726963,0.33404632340322404,0.3285205186595063
80,0.32871820094142135,0.3319026169184553,0.3393791821401233
81,0.330105584073545,0.33766202827597397,0.3322323876504809
82,0.32459348150689865,0.34007470337707296,0.3353318151160285
83,0.3338128524195108,0.343060287146335,0.3231268604341543
84,0.33646180525898295,0.3323800731208574,0.3311581216201596
85,0.32685128566373717,0.3359407038179518,0.33720801051831106
86,0.31954300929195756,0.347996832271688,0.3324601584363544
87,0.3345510371729501,0.34245377333577026,0.3229951894912796
88,0.3272016602746437,0.3464115750207812,0.32638676470457506
89,0.3264592040802428,0.3485583866822648,0.3249824092374924
90,0.32871154898110316,0.34927679295337993,0.3220116580655169
91,0.33025479421996085,0.34730220095154407,0.32244300482849514
92,0.33284323737971405,0.3434584503782925,0.3236983122419936
93,0.32642586250035904,0.3427115180363705,0.33086261946327045
94,0.33350321012822154,0.3437498732675772,0.3227469166042013
95,0.3333039359481537,0.34322671431055934,0.32346934974128694
96,0.33514898340491384,0.3425530880520824,0.32229792854300365
97,0.3274712188158992,0.35198235245634957,0.32054642872775124
98,0.33342807478802583,0.3462481580865964,0.32032376712537763
99,0.33591223254070907,0.346582279302684,0.317505488156607
100,0.33647028545639784,0.34314012726965254,0.32038958727394967
101,0.3341490925689114,0.3445484994838589,0.3213024079472298
102,0.3353059527259765,0.33996189840601704,0.32473214886800644
103,0.33018709991043216,0.3436340371733376,0.32617886291623027
104,0.3326085811841103,0.34152365770086557,0.3258677611150241
105,0.3351621127680587,0.33707062263319504,0.3277672645987463
106,0.33623645781106726,0.3325857327668186,0.3311778094221142
107,0.3393983857764705,0.328825964942012,0.33177564928151754
108,0.33215723661349983,0.33728361248599936,0.3305591509005008
109,0.33811449182470954,0.3319888019752409,0.32989670620004957
110,0.3329011575628042,0.3368572288429725,0.33024161359422327
111,0.33610796934514514,0.3327471483519312,0.3311448823029237
112,0.33413133941246187,0.33374026808668233,0.33212839250085574
113,0.33410067664632037,0.33323682220732226,0.3326625011463575
114,0.3323502906361247,0.3339053121489482,0.3337443972149271
115,0.3237146293911767,0.3366683372394531,0.3396170333693702
116,0.33020107463725107,0.3367124403346258,0.3330864850281232
117,0.3331486552618073,0.3448876762733929,0.32196366846479973
118,0.3355968540340655,0.3462823496819987,0.31812079628393586
119,0.33880715643777837,0.33909130194460385,0.3221015416176178
120,0.3357812253265915,0.33772328167137805,0.32649549300203035
121,0.3361138198145947,0.33696315835621804,0.32692302182918725
122,0.33492468805721765,0.33671761031712305,0.32835770162565936
123,0.334366869476493,0.33765534537699854,0.3279777851465084
124,0.3336265979800136,0.3386442242406798,0.32772917777930666
125,0.33375260426499825,0.3408982587315063,0.3253491370034955
126,0.3358541926713882,0.33843458795972553,0.32571121936888625
127,0.3393275784634855,0.3347301162770603,0.3259423052594542
128,0.337704612824361,0.33769129471930015,0.3246040924563388
129,0.3352723900011319,0.3374333746647562,0.32729423533411184
130,0.33294323507095064,0.33843788040787015,0.3286188845211792
131,0.33073173149590973,0.33892739901120783,0.33034086949288244
132,0.3360731996225933,0.33395394959465213,0.32997285078275457
133,0.3382182857203575,0.33434671594506177,0.3274349983345807
134,0.3432850528773799,0.32685912577517323,0.32985582134744684
135,0.33408728150110245,0.3359750010575878,0.3299377174413097
136,0.34003545943044267,0.3318441602412506,0.32812038032830665
137,0.3333602517281752,0.33025623262422404,0.3363835156476008
138,0.3296546051870553,0.33260812897519476,0.3377372658377498
139,0.3318403463778967,0.3343537255754544,0.3338059280466488
140,0.32973084611077624,0.33076506396353883,0.3395040899256849
141,0.32938432817666113,0.3317095435043866,0.33890612831895234
142,0.33074313518017556,0.33274484031297946,0.33651202450684503
143,0.3314809894220485,0.3319371959286899,0.3365818146492617
144,0.3372515379983453,0.3310734324370862,0.3316750295645685
145,0.34425918120136256,0.3290767113337839,0.3266641074648535
146,0.3431495718153788,0.3297927976163361,0.3270576305682851
147,0.34571576041435187,0.32593499609182247,0.3283492434938257
148,0.3408789814295876,0.3240563803455702,0.3350646382248422
149,0.33776943343935784,0.3271839026900191,0.33504666387062304
150,0.3358651497010385,0.32592825815316195,0.3382065921457996
151,0.3372882184019747,0.32459917475728606,0.3381126068407392
152,0.34010054728049516,0.32387543556578535,0.3360240171537195
153,0.3387377588702883,0.32489121419659717,0.3363710269331146
154,0.3382073770193466,0.3228637805560986,0.3389288424245548
155,0.34243910124200727,0.324264208239145,0.3332966905188478
156,0.3349529856344056,0.32926996726419105,0.33577704710140327
157,0.3374600343354707,0.32678729581456034,0.335752669849969
158,0.33909512317423796,0.326385660020811,0.33451921680495106
